ACT-CLJ0200.3+0019    0.0300000       162.00000       162.00000       30.090120      0.32424585
ACT-CLJ0200.3+0019   0.00700000       172.60660       172.60660       30.084113      0.33008455
ACT-CLJ0201.6-0211   0.00300000       162.00000       207.00000       30.427127      -2.1728979
ACT-CLJ0201.6-0211   0.00100000       237.00000       162.00000       30.384701      -2.2001141
ACT-CLJ0201.6-0503    0.0300000       236.24621       236.24621       30.371944      -5.0147147
ACT-CLJ0203.0-0042   0.00700000       162.00000       162.00000       30.753534      -0.70813497
ACT-CLJ0203.2-0123   0.00300000       177.00000       162.00000       30.809380      -1.3972985
ACT-CLJ0203.7+0216   0.00100000       193.81980       193.81980       30.916220      2.2843316
ACT-CLJ0248.0-0331    0.0300000       162.00000       237.00000       42.013203      -3.4863437
ACT-CLJ0248.2+0238   0.00700000       267.00000       162.00000       41.995950      2.6342836
ACT-CLJ0248.2-0216   0.00300000       162.00000       162.00000       42.065957      -2.2700026
ACT-CLJ0248.3+0122   0.00100000       162.00000       177.00000       42.098172      1.3840577
ACT-CLJ0248.3-0337    0.0300000       207.00000       162.00000       42.065599      -3.6164456
ACT-CLJ0248.7-0019   0.00700000       215.03301       215.03301       42.175017      -0.29883094
ACT-CLJ0248.9-0328   0.00300000       162.00000       267.00000       42.242413      -3.4186707
ACT-CLJ0249.6+0210   0.00100000       162.00000       162.00000       42.422647      2.1692102
ACT-CLJ0250.1+0008    0.0300000       172.60660       172.60660       42.531020      0.14421590
ACT-CLJ0253.5-0017   0.00700000       162.00000       207.00000       43.390718      -0.27062520
ACT-CLJ0254.4-0538   0.00300000       237.00000       162.00000       43.569278      -5.6388081
ACT-CLJ0256.5+0006   0.00100000       236.24621       236.24621       44.095434      0.14647408
ACT-CLJ0257.0-0300    0.0300000       162.00000       162.00000       44.266080      -3.0131638
ACT-CLJ0258.4+0147   0.00700000       177.00000       162.00000       44.611186      1.7960994
ACT-CLJ0259.4-0524   0.00300000       193.81980       193.81980       44.840801      -5.3876775
ACT-CLJ0259.8-0037   0.00100000       162.00000       237.00000       44.970796      -0.57862710
ACT-CLJ0300.2+0125    0.0300000       267.00000       162.00000       44.996032      1.4206294
ACT-CLJ0301.5-0248   0.00700000       162.00000       162.00000       45.377751      -2.8090207
ACT-CLJ0839.5-0140   0.00300000       162.00000       177.00000       129.87998      -1.6708208
ACT-CLJ0839.5-0150   0.00100000       207.00000       162.00000       129.85433      -1.8435728
ACT-CLJ0842.3+0033    0.0300000       215.03301       215.03301       130.56895      0.58102517
ACT-CLJ0842.9+0424   0.00700000       162.00000       267.00000       130.73836      4.4552741
ACT-CLJ0844.6+0216   0.00300000       162.00000       162.00000       131.17313      2.2744046
ACT-CLJ0845.0+0127   0.00100000       172.60660       172.60660       131.25672      1.4690049
ACT-CLJ0845.4+0327    0.0300000       162.00000       207.00000       131.37151      3.4851419
ACT-CLJ0848.4+0412   0.00700000       237.00000       162.00000       132.06538      4.2030576
ACT-CLJ0848.5-0122   0.00300000       236.24621       236.24621       132.09976      -1.3282919
ACT-CLJ0849.6-0051   0.00100000       162.00000       162.00000       132.41862      -0.85577484
ACT-CLJ0849.8+0440    0.0300000       177.00000       162.00000       132.44744      4.6697044
ACT-CLJ0852.2-0101   0.00700000       193.81980       193.81980       133.05583      -1.0056837
ACT-CLJ0853.4+0132   0.00300000       162.00000       237.00000       133.36454      1.5813386
ACT-CLJ0854.7-0122   0.00100000       267.00000       162.00000       133.63895      -1.3731198
ACT-CLJ0855.4-0106    0.0300000       162.00000       162.00000       133.87103      -1.1165647
ACT-CLJ0856.3+0146   0.00700000       162.00000       177.00000       134.08747      1.7905453
ACT-CLJ0856.4-0013   0.00300000       207.00000       162.00000       134.08023      -0.23006133
ACT-CLJ0856.5+0143   0.00100000       215.03301       215.03301       134.10011      1.7538186
ACT-CLJ0857.8+0310    0.0300000       162.00000       267.00000       134.46525      3.2348380
ACT-CLJ0859.0-0119   0.00700000       162.00000       162.00000       134.75485      -1.3342901
ACT-CLJ0859.4+0308   0.00300000       172.60660       172.60660       134.87010      3.1503180
ACT-CLJ0901.5+0301   0.00100000       162.00000       207.00000       135.38581      3.0430457
ACT-CLJ0901.7+0408    0.0300000       237.00000       162.00000       135.40452      4.1400269
ACT-CLJ0903.4-0136   0.00700000       236.24621       236.24621       135.83121      -1.5634081
ACT-CLJ0904.3+0206   0.00300000       162.00000       162.00000       136.08039      2.1047950
ACT-CLJ0904.5+0426   0.00100000       177.00000       162.00000       136.12545      4.4444499
ACT-CLJ0905.6+0434    0.0300000       193.81980       193.81980       136.39753      4.5921466
ACT-CLJ0907.8+0057   0.00700000       162.00000       237.00000       136.97161      0.99348797
ACT-CLJ0907.9+0254   0.00300000       267.00000       162.00000       136.92498      2.9103023
ACT-CLJ0909.5-0050   0.00100000       162.00000       162.00000       137.38256      -0.83618416
ACT-CLJ0913.2+0349    0.0300000       162.00000       177.00000       138.31234      3.8317432
ACT-CLJ0914.7+0011   0.00700000       207.00000       162.00000       138.66992      0.19140667
ACT-CLJ0915.9-0132   0.00300000       215.03301       215.03301       138.95894      -1.5152064
ACT-CLJ0916.1-0024   0.00100000       162.00000       267.00000       139.04353      -0.34634982
ACT-CLJ0916.7+0155    0.0300000       162.00000       162.00000       139.19973      1.9303922
ACT-CLJ0916.8-0059   0.00700000       172.60660       172.60660       139.21569      -0.98876295
ACT-CLJ0918.7+0211   0.00300000       162.00000       207.00000       139.68905      2.2149305
ACT-CLJ0920.4+0134   0.00100000       237.00000       162.00000       140.06047      1.5766754
ACT-CLJ0921.0-0148    0.0300000       236.24621       236.24621       140.22896      -1.7699895
ACT-CLJ0921.3+0317   0.00700000       162.00000       162.00000       140.33865      3.2867313
ACT-CLJ0922.1+0346   0.00300000       177.00000       162.00000       140.52828      3.7713461
ACT-CLJ0922.1-0027   0.00100000       193.81980       193.81980       140.52266      -0.44247761
ACT-CLJ0930.4+0216    0.0300000       162.00000       237.00000       142.60738      2.3193061
ACT-CLJ0935.0+0053   0.00700000       267.00000       162.00000       143.70441      0.89608382
ACT-CLJ0935.2+0048   0.00300000       162.00000       162.00000       143.81191      0.79839746
ACT-CLJ0935.3+0233   0.00100000       162.00000       177.00000       143.84589      2.5573673
ACT-CLJ0940.9+0322    0.0300000       207.00000       162.00000       145.21154      3.3685212
ACT-CLJ0943.7+0059   0.00700000       215.03301       215.03301       145.92055      1.0162161
ACT-CLJ0947.9-0120   0.00300000       162.00000       267.00000       146.99568      -1.2782948
ACT-CLJ0951.6-0014   0.00100000       162.00000       162.00000       147.92429      -0.24193359
ACT-CLJ0956.1+0158    0.0300000       172.60660       172.60660       149.04097      1.9839105
ACT-CLJ0957.6+0234   0.00700000       162.00000       207.00000       149.40702      2.5983254
ACT-CLJ1005.5+0235   0.00300000       237.00000       162.00000       151.34348
       2.5838109
ACT-CLJ1006.9+0255   0.00100000       236.24621       236.24621       151.69885
       2.9673758
ACT-CLJ1020.1-0013    0.0300000       162.00000       162.00000       155.02926
     -0.22132650
ACT-CLJ1020.3-0100   0.00700000       177.00000       162.00000       155.08059
      -1.0184634
ACT-CLJ1027.8+0004   0.00300000       193.81980       193.81980       156.94202
     0.084861460
ACT-CLJ1029.9+0016   0.00100000       162.00000       237.00000       157.47404
      0.31200354
ACT-CLJ1031.2+0031    0.0300000       267.00000       162.00000       157.75111
      0.52742988
ACT-CLJ1032.1-0249   0.00700000       162.00000       162.00000       158.03759
      -2.8275661
ACT-CLJ1035.1+0249   0.00300000       162.00000       177.00000       158.78727
       2.8384241
ACT-CLJ0916.8-0059   0.00100000       207.00000       162.00000       139.19658
     -0.99465541
ACT-CLJ0918.7+0211    0.0300000       215.03301       215.03301       139.65956
       2.2193930
ACT-CLJ0920.4+0134   0.00700000       162.00000       267.00000       140.10215
       1.6350091
ACT-CLJ0921.0-0148   0.00300000       162.00000       162.00000       140.27023
      -1.8112379
ACT-CLJ0921.3+0317   0.00100000       172.60660       172.60660       140.33274
       3.2926238
ACT-CLJ0922.1+0346    0.0300000       162.00000       207.00000       140.53663
       3.7963461
ACT-CLJ0922.1-0027   0.00700000       237.00000       162.00000       140.49867
     -0.46015517
ACT-CLJ0930.4+0216   0.00300000       236.24621       236.24621       142.56610
       2.3188867
ACT-CLJ0935.0+0053   0.00100000       162.00000       162.00000       143.76275
      0.89608429
ACT-CLJ0935.2+0048    0.0300000       177.00000       162.00000       143.80358
      0.79839745
ACT-CLJ0935.3+0233   0.00700000       193.81980       193.81980       143.82820
       2.5667115
ACT-CLJ0940.9+0322   0.00300000       162.00000       237.00000       145.23658
       3.4101882
ACT-CLJ0943.7+0059   0.00100000       267.00000       162.00000       145.89168
      0.98675298
ACT-CLJ0947.9-0120    0.0300000       162.00000       162.00000       146.99568
      -1.3366282
ACT-CLJ0951.6-0014   0.00700000       162.00000       177.00000       147.92429
     -0.23360026
ACT-CLJ0956.1+0158   0.00300000       207.00000       162.00000       149.02185
       1.9780178
ACT-CLJ0957.6+0234   0.00100000       215.03301       215.03301       149.37753
       2.6027879
ACT-CLJ1005.5+0235    0.0300000       162.00000       267.00000       151.38519
       2.6421449
ACT-CLJ1006.9+0255   0.00700000       162.00000       162.00000       151.74015
       2.9261287
ACT-CLJ1020.1-0013   0.00300000       172.60660       172.60660       155.02337
     -0.21543395
ACT-CLJ1020.3-0100   0.00100000       162.00000       207.00000       155.08892
     -0.99346345
ACT-CLJ1027.8+0004    0.0300000       237.00000       162.00000       156.91803
     0.067183777
ACT-CLJ1029.9+0016   0.00700000       236.24621       236.24621       157.43279
      0.31158468
ACT-CLJ1031.2+0031   0.00300000       162.00000       162.00000       157.80944
      0.52743016
ACT-CLJ1032.1-0249   0.00100000       177.00000       162.00000       158.02925
      -2.8275661
ACT-CLJ1035.1+0249    0.0300000       193.81980       193.81980       158.76957
       2.8477683
ACT-CLJ1035.1-0248   0.00700000       162.00000       237.00000       158.78414
      -2.7613981
ACT-CLJ1035.4-0001   0.00300000       267.00000       162.00000       158.80282
    -0.031254663
ACT-CLJ1036.2-0223   0.00100000       162.00000       162.00000       159.06291
      -2.3853414
ACT-CLJ1107.4+0121    0.0300000       162.00000       177.00000       166.86224
       1.3654842
ACT-CLJ1110.2-0030   0.00700000       207.00000       162.00000       167.55019
     -0.50355324
ACT-CLJ1110.3+0143   0.00300000       215.03301       215.03301       167.56768
       1.7581919
ACT-CLJ1110.8+0216   0.00100000       162.00000       267.00000       167.72244
       2.3427941
ACT-CLJ1111.1+0044    0.0300000       162.00000       162.00000       167.80015
      0.74926941
ACT-CLJ1112.8+0229   0.00700000       172.60660       172.60660       168.19832
       2.5030454
ACT-CLJ1116.7+0218   0.00300000       162.00000       207.00000       169.19730
       2.3299243
ACT-CLJ1116.9-0036   0.00100000       237.00000       162.00000       169.18876
     -0.61257443
ACT-CLJ1117.9-0211    0.0300000       236.24621       236.24621       169.45661
      -2.1417308
ACT-CLJ1118.7+0039   0.00700000       162.00000       162.00000       169.69300
      0.66046898
ACT-CLJ1118.9-0041   0.00300000       177.00000       162.00000       169.72434
     -0.69574196
ACT-CLJ1125.7+0010   0.00100000       193.81980       193.81980       171.41313
      0.19646393
ACT-CLJ1127.5+0003    0.0300000       162.00000       237.00000       171.89137
      0.10836406
ACT-CLJ1128.3-0058   0.00700000       267.00000       162.00000       172.01647
     -0.98153875
ACT-CLJ1129.8+0256   0.00300000       162.00000       162.00000       172.46130
       2.9412432
ACT-CLJ1131.6-0107   0.00100000       162.00000       177.00000       172.91207
      -1.1145687
ACT-CLJ1134.0+0116    0.0300000       207.00000       162.00000       173.48773
       1.2796495
ACT-CLJ1136.9+0006   0.00700000       215.03301       215.03301       174.20283
      0.13057320
ACT-CLJ1138.5-0011   0.00300000       162.00000       267.00000       174.63900
     -0.13792708
ACT-CLJ1139.3+0154   0.00100000       162.00000       162.00000       174.83134
       1.9053206
ACT-CLJ1144.0+0440    0.0300000       172.60660       172.60660       176.02072
       4.6842564
ACT-CLJ1144.2+0227   0.00700000       162.00000       207.00000       176.05581
       2.4866676
ACT-CLJ1145.1-0100   0.00300000       237.00000       162.00000       176.24743
      -1.0055209
ACT-CLJ1148.0-0234   0.00100000       236.24621       236.24621       176.98423
      -2.5360748
ACT-CLJ1152.2+0031    0.0300000       162.00000       162.00000       178.05738
      0.52167521
ACT-CLJ1152.5+0356   0.00700000       177.00000       162.00000       178.13754
       3.9413347
ACT-CLJ1153.4+0259   0.00300000       193.81980       193.81980       178.35451
       3.0026424
ACT-CLJ1154.2+0221   0.00100000       162.00000       237.00000       178.56796
       2.3994095
ACT-CLJ1158.3+0228    0.0300000       267.00000       162.00000       179.54013
       2.4684796
ACT-CLJ1158.9-0244   0.00700000       162.00000       162.00000       179.73304
      -2.7479698
ACT-CLJ1200.9-0125   0.00300000       162.00000       177.00000       180.23203
      -1.4261218
ACT-CLJ1202.8-0230   0.00100000       207.00000       162.00000       180.69245
      -2.5053997
ACT-CLJ1203.9+0126    0.0300000       215.03301       215.03301       180.95867
       1.4663413
ACT-CLJ1205.3-0245   0.00700000       162.00000       267.00000       181.34593
      -2.6939464
ACT-CLJ1205.5+0214   0.00300000       162.00000       162.00000       181.38416
       2.2449398
ACT-CLJ1208.3+0254   0.00100000       172.60660       172.60660       182.08211
       2.9201306
ACT-CLJ1210.2+0223    0.0300000       162.00000       207.00000       182.57552
       2.4150948
ACT-CLJ1210.2+0321   0.00700000       237.00000       162.00000       182.51503
       3.3628152
ACT-CLJ1218.5+0233   0.00300000       236.24621       236.24621       184.58564
       2.5949114
ACT-CLJ1220.4-0240   0.00100000       162.00000       162.00000       185.10108
      -2.6718638
ACT-CLJ1222.4-0127    0.0300000       177.00000       162.00000       185.60115
      -1.4537308
ACT-CLJ1222.6-0214   0.00700000       193.81980       193.81980       185.63655
      -2.2296903
ACT-CLJ1224.3+0211   0.00300000       162.00000       237.00000       186.08000
       2.2423784
ACT-CLJ1238.5-0004   0.00100000       267.00000       162.00000       189.58555
    -0.066155791
ACT-CLJ1241.0+0010    0.0300000       162.00000       162.00000       190.25565
      0.17740665
ACT-CLJ1245.0+0231   0.00700000       162.00000       177.00000       191.25663
       2.5339247
ACT-CLJ1249.7+0145   0.00300000       207.00000       162.00000       192.40406
       1.7536291
ACT-CLJ1250.6+0036   0.00100000       215.03301       215.03301       192.69995
      0.58869187
ACT-CLJ1250.6+0036    0.0300000       162.00000       267.00000       192.65254
      0.65845563
ACT-CLJ1256.7+0235   0.00700000       162.00000       162.00000       194.18231
       2.5936468
ACT-CLJ1258.4+0043   0.00300000       172.60660       172.60660       194.61556
      0.73790433
ACT-CLJ1258.8+0059   0.00100000       162.00000       207.00000       194.71446
       1.0213045
ACT-CLJ1301.2+0218    0.0300000       237.00000       162.00000       195.26246
       2.3123771
ACT-CLJ1311.5-0119   0.00700000       236.24621       236.24621       197.83757
      -1.2917529
ACT-CLJ1315.0+0121   0.00300000       162.00000       162.00000       198.76721
       1.3527766
ACT-CLJ1322.9-0227   0.00100000       177.00000       162.00000       200.73131
      -2.4635312
ACT-CLJ1324.9+0223    0.0300000       193.81980       193.81980       201.21188
       2.4167905
ACT-CLJ1325.0+0209   0.00700000       162.00000       237.00000       201.25326
       2.1930420
ACT-CLJ0914.7+0011   0.00300000       267.00000       162.00000       138.63355
      0.18615134
ACT-CLJ0915.9-0132   0.00100000       162.00000       162.00000       138.98592
      -1.5510859
ACT-CLJ0916.1-0024    0.0300000       162.00000       177.00000       139.03907
     -0.39884983
ACT-CLJ0916.7+0155   0.00700000       207.00000       162.00000       139.17141
       1.9235885
ACT-CLJ1020.1-0013   0.00300000       215.03301       215.03301       154.99560
     -0.19574099
ACT-CLJ0913.2+0349   0.00100000       162.00000       267.00000       138.31487
       3.8788886
ACT-CLJ1020.3-0100    0.0300000       162.00000       162.00000       155.09030
      -1.0186954
ACT-CLJ1031.2+0031   0.00700000       172.60660       172.60660       157.80581
      0.53432955
ACT-CLJ1032.1-0249   0.00300000       162.00000       207.00000       158.04015
      -2.8013516
ACT-CLJ1035.1+0249   0.00100000       237.00000       162.00000       158.74825
       2.8324020
ACT-CLJ1036.9+0154    0.0300000       236.24621       236.24621       159.19998
       1.9471853
ACT-CLJ1049.3-0002   0.00700000       162.00000       162.00000       162.35299
    -0.035977185
ACT-CLJ1050.6+0017   0.00300000       177.00000       162.00000       162.66282
      0.28276525
ACT-CLJ1053.7-0156   0.00100000       193.81980       193.81980       163.42721
      -1.9228267
ACT-CLJ1118.7+0039    0.0300000       162.00000       237.00000       169.69640
      0.69671429
ACT-CLJ1118.9-0041   0.00700000       267.00000       162.00000       169.68009
     -0.70036829
ACT-CLJ1125.7+0010   0.00300000       162.00000       162.00000       171.43600
      0.17334972
ACT-CLJ1127.5+0003   0.00100000       162.00000       177.00000       171.89581
     0.070618331
ACT-CLJ1128.3-0058    0.0300000       207.00000       162.00000       172.05353
     -0.98557274
ACT-CLJ1129.8+0256   0.00700000       215.03301       215.03301       172.43524
       2.9661547
ACT-CLJ1131.6-0107   0.00300000       162.00000       267.00000       172.91557
      -1.0688541
ACT-CLJ1134.0+0116   0.00100000       162.00000       162.00000       173.51554
       1.2754169
ACT-CLJ1136.9+0006    0.0300000       172.60660       172.60660       174.22864
      0.10228466
ACT-CLJ1138.5-0011   0.00700000       162.00000       207.00000       174.64175
     -0.17654554
ACT-CLJ1139.3+0154   0.00300000       237.00000       162.00000       174.79215
       1.9008217
ACT-CLJ1145.1-0100   0.00100000       236.24621       236.24621       176.24852
     -0.96766843
ACT-CLJ1148.0-0234    0.0300000       162.00000       162.00000       177.02720
      -2.5797882
ACT-CLJ1224.3+0211   0.00700000       177.00000       162.00000       186.07187
       2.1972697
ACT-CLJ1238.5-0004   0.00300000       193.81980       193.81980       189.62607
    -0.051696760
ACT-CLJ1241.0+0010   0.00100000       162.00000       237.00000       190.25581
      0.21520215
ACT-CLJ1250.6+0036    0.0300000       267.00000       162.00000       192.59412
      0.59881403
ACT-CLJ1256.7+0235   0.00700000       162.00000       162.00000       194.18206
       2.5926586
ACT-CLJ1326.8+0216   0.00300000       162.00000       177.00000       201.71734
       2.2771045
ACT-CLJ1327.0+0212   0.00100000       207.00000       162.00000       201.73158
       2.2017723
ACT-CLJ1328.4-0038    0.0300000       215.03301       215.03301       202.08357
     -0.61404565
ACT-CLJ1331.1+0100   0.00700000       162.00000       267.00000       202.79792
       1.0618032
ACT-CLJ1332.8-0006   0.00300000       162.00000       162.00000       203.21690
     -0.11560373
ACT-CLJ1336.8-0104   0.00100000       172.60660       172.60660       204.20699
      -1.0792734
ACT-CLJ1340.9-0152    0.0300000       162.00000       207.00000       205.24183
      -1.8443246
ACT-CLJ1343.1-0000   0.00700000       237.00000       162.00000       205.73315
    -0.013733121
ACT-CLJ0203.9-0205   0.00300000       236.24621       236.24621       30.953544
      -2.0540217
ACT-CLJ0204.5+0321   0.00100000       162.00000       162.00000       31.140374
       3.3617633
ACT-CLJ0204.7-0116    0.0300000       177.00000       162.00000       31.189721
      -1.2858983
ACT-CLJ0204.8-0303   0.00700000       193.81980       193.81980       31.198017
      -3.0476672
ACT-CLJ0205.2-0439   0.00300000       162.00000       237.00000       31.323274
      -4.6150187
ACT-CLJ0205.9-0307   0.00100000       267.00000       162.00000       31.444705
      -3.1259129
ACT-CLJ0206.2-0114    0.0300000       162.00000       162.00000       31.560836
      -1.2535386
ACT-CLJ0206.4-0118   0.00700000       162.00000       177.00000       31.614297
      -1.3037627
ACT-CLJ0206.9-0119   0.00300000       207.00000       162.00000       31.719087
      -1.3372447
ACT-CLJ0207.2+0536   0.00100000       215.03301       215.03301       31.776368
       5.6372177
ACT-CLJ0207.7+0020    0.0300000       162.00000       267.00000       31.945972
      0.40454836
ACT-CLJ0208.2-0237   0.00700000       162.00000       162.00000       32.067075
      -2.6316306
ACT-CLJ0208.3-0255   0.00300000       172.60660       172.60660       32.084661
      -2.9306082
ACT-CLJ0209.6+0222   0.00100000       162.00000       207.00000       32.410153
       2.3998820
ACT-CLJ0209.9+0038    0.0300000       237.00000       162.00000       32.462284
      0.63435976
ACT-CLJ0210.0-0243   0.00700000       236.24621       236.24621       32.466772
      -2.6827537
ACT-CLJ0210.1+0254   0.00300000       162.00000       162.00000       32.552438
       2.9046176
ACT-CLJ0211.1-0453   0.00100000       177.00000       162.00000       32.795034
      -4.8988241
ACT-CLJ0211.2-0343    0.0300000       193.81980       193.81980       32.796628
      -3.7086705
ACT-CLJ0211.9-0146   0.00700000       162.00000       237.00000       32.990079
      -1.7309050
ACT-CLJ0212.5+0152   0.00300000       267.00000       162.00000       33.071805
       1.8741131
ACT-CLJ0212.5-0037   0.00100000       162.00000       162.00000       33.147211
     -0.62929596
ACT-CLJ0214.7-0432    0.0300000       162.00000       177.00000       33.681224
      -4.5432733
ACT-CLJ0215.4+0030   0.00700000       207.00000       162.00000       33.844534
      0.50846313
ACT-CLJ0215.4-0440   0.00300000       215.03301       215.03301       33.839756
      -4.6442278
ACT-CLJ0215.6-0113   0.00100000       162.00000       267.00000       33.899591
      -1.1761718
ACT-CLJ0215.8-0041    0.0300000       162.00000       162.00000       33.960634
     -0.70305802
ACT-CLJ0217.7-0345   0.00700000       172.60660       172.60660       34.429047
      -3.7567557
ACT-CLJ0217.8-0048   0.00300000       162.00000       207.00000       34.454297
     -0.77858406
ACT-CLJ0218.1-0214   0.00100000       237.00000       162.00000       34.484635
      -2.2400990
ACT-CLJ0218.2-0041    0.0300000       236.24621       236.24621       34.527495
     -0.65355901
ACT-CLJ0218.5-0114   0.00700000       162.00000       162.00000       34.643564
      -1.2439574
ACT-CLJ0218.7-0014   0.00300000       177.00000       162.00000       34.668910
     -0.24481183
ACT-CLJ0219.0+0303   0.00100000       193.81980       193.81980       34.744131
       3.0775292
ACT-CLJ0219.8+0022    0.0300000       162.00000       237.00000       34.959630
      0.41499786
ACT-CLJ0219.9+0130   0.00700000       267.00000       162.00000       34.919889
       1.5022683
ACT-CLJ0219.9+0246   0.00300000       162.00000       162.00000       34.979211
       2.7826207
ACT-CLJ0220.9-0332   0.00100000       162.00000       177.00000       35.237606
      -3.5399438
ACT-CLJ0221.6-0012    0.0300000       207.00000       162.00000       35.378016
     -0.21025230
ACT-CLJ0221.7-0346   0.00700000       215.03301       215.03301       35.410176
      -3.7432000
ACT-CLJ0221.9-0340   0.00300000       162.00000       267.00000       35.481484
      -3.6113260
ACT-CLJ0222.2+0520   0.00100000       162.00000       162.00000       35.564940
       5.3328996
ACT-CLJ0223.1-0057    0.0300000       172.60660       172.60660       35.783434
     -0.94534561
ACT-CLJ0223.6+0020   0.00700000       162.00000       207.00000       35.907659
      0.37455157
ACT-CLJ0224.5+0102   0.00300000       237.00000       162.00000       36.083225
       1.0494375
ACT-CLJ0224.5-0002   0.00100000       236.24621       236.24621       36.103746
    0.0046004861
ACT-CLJ0225.4-0355    0.0300000       162.00000       162.00000       36.365688
      -3.9323685
ACT-CLJ0226.4+0426   0.00700000       177.00000       162.00000       36.611041
       4.4472141
ACT-CLJ0227.6-0318   0.00300000       193.81980       193.81980       36.892641
      -3.2825347
ACT-CLJ0228.4+0030   0.00100000       162.00000       237.00000       37.119256
      0.55392869
ACT-CLJ0229.6-0336    0.0300000       267.00000       162.00000       37.350750
      -3.6093773
ACT-CLJ0230.9+0248   0.00700000       162.00000       162.00000       37.731145
       2.8058455
ACT-CLJ0231.7-0453   0.00300000       162.00000       177.00000       37.934993
      -4.8748148
ACT-CLJ0232.1+0230   0.00100000       207.00000       162.00000       38.005899
       2.5156172
ACT-CLJ0232.7+0214    0.0300000       215.03301       215.03301       38.165831
       2.2819323
ACT-CLJ0232.7+0350   0.00700000       162.00000       267.00000       38.191677
       3.9009900
ACT-CLJ0233.2+0211   0.00300000       162.00000       162.00000       38.301881
       2.1991890
ACT-CLJ0233.2+0248   0.00100000       172.60660       172.60660       38.298598
       2.8219343
ACT-CLJ0233.2+0448    0.0300000       162.00000       207.00000       38.311649
       4.8356995
ACT-CLJ0233.6-0530   0.00700000       237.00000       162.00000       38.362146
      -5.5056666
ACT-CLJ0233.7+0127   0.00300000       236.24621       236.24621       38.388934
       1.5046863
ACT-CLJ0234.5-0107   0.00100000       162.00000       162.00000       38.647947
      -1.1276934
ACT-CLJ0234.6-0259    0.0300000       177.00000       162.00000       38.650416
      -2.9938788
ACT-CLJ0235.2-0323   0.00700000       193.81980       193.81980       38.794987
      -3.3687674
ACT-CLJ0235.2-0323   0.00300000       162.00000       237.00000       38.807179
      -3.3460272
ACT-CLJ0235.5-0005   0.00100000       267.00000       162.00000       38.819380
     -0.10011378
ACT-CLJ0236.5+0106    0.0300000       162.00000       162.00000       39.136136
       1.1111949
ACT-CLJ0236.7-0228   0.00700000       162.00000       177.00000       39.176709
      -2.4627829
ACT-CLJ0237.6-0423   0.00300000       207.00000       162.00000       39.379482
      -4.3920817
ACT-CLJ0238.1+0306   0.00100000       215.03301       215.03301       39.502415
       3.1327510
ACT-CLJ0239.3-0332    0.0300000       162.00000       267.00000       39.839188
      -3.4788557
ACT-CLJ0239.8-0134   0.00700000       162.00000       162.00000       39.968736
      -1.5792454
ACT-CLJ0240.0+0116   0.00300000       172.60660       172.60660       40.005898
       1.2724987
ACT-CLJ0240.0+0303   0.00100000       162.00000       207.00000       40.010041
       3.0790598
ACT-CLJ0241.2-0018    0.0300000       237.00000       162.00000       40.273829
     -0.31347355
ACT-CLJ0241.4-0433   0.00700000       236.24621       236.24621       40.329065
      -4.5121924
ACT-CLJ0242.2-0345   0.00300000       162.00000       162.00000       40.565941
      -3.7582638
ACT-CLJ0242.7-0226   0.00100000       177.00000       162.00000       40.674025
      -2.4398376
ACT-CLJ0242.7-0450    0.0300000       193.81980       193.81980       40.658677
      -4.8274792
ACT-CLJ0242.9-0250   0.00700000       162.00000       237.00000       40.734296
      -2.8018370
ACT-CLJ0243.2+0256   0.00300000       267.00000       162.00000       40.755708
       2.9436344
ACT-CLJ0245.2+0032   0.00100000       162.00000       162.00000       41.306714
      0.54767225
ACT-CLJ0245.2+0407    0.0300000       162.00000       177.00000       41.309151
       4.1297719
ACT-CLJ0245.2-0240   0.00700000       207.00000       162.00000       41.277700
      -2.6790516
ACT-CLJ0245.7-0028   0.00300000       215.03301       215.03301       41.396250
     -0.44510853
ACT-CLJ0245.8-0042   0.00100000       162.00000       267.00000       41.455244
     -0.65632717
ACT-CLJ0246.4+0429    0.0300000       162.00000       162.00000       41.619625
       4.4945174
ACT-CLJ0247.3-0156   0.00700000       172.60660       172.60660       41.839553
      -1.9319607
ACT-CLJ0248.0-0331   0.00300000       162.00000       207.00000       42.014202
      -3.5074163
ACT-CLJ0248.2+0238   0.00100000       237.00000       162.00000       42.013664
       2.6341703
ACT-CLJ0248.2-0216    0.0300000       236.24621       236.24621       42.015820
      -2.2294984
ACT-CLJ0248.3+0122   0.00700000       162.00000       162.00000       42.097074
       1.3706803
ACT-CLJ0248.3-0337   0.00300000       177.00000       162.00000       42.080296
      -3.6236610
ACT-CLJ0248.7-0019   0.00100000       193.81980       193.81980       42.179082
     -0.30974129
ACT-CLJ0248.9-0328    0.0300000       162.00000       237.00000       42.238987
      -3.4383786
ACT-CLJ0249.6+0210   0.00700000       267.00000       162.00000       42.361883
       2.1691283
ACT-CLJ0250.1+0008   0.00300000       162.00000       162.00000       42.534242
      0.13641603
ACT-CLJ0253.5-0017   0.00100000       162.00000       177.00000       43.389326
     -0.28886561
ACT-CLJ0254.4-0538    0.0300000       207.00000       162.00000       43.582062
      -5.6398200
ACT-CLJ0256.5+0006   0.00700000       215.03301       215.03301       44.101985
      0.13268835
ACT-CLJ0257.0-0300   0.00300000       162.00000       267.00000       44.266671
      -2.9591124
ACT-CLJ0258.4+0147   0.00100000       162.00000       162.00000       44.614869
       1.7931079
ACT-CLJ0259.4-0524    0.0300000       172.60660       172.60660       44.855645
      -5.4060603
ACT-CLJ0259.8-0037   0.00700000       162.00000       207.00000       44.968049
     -0.60050434
ACT-CLJ0259.8-0037   0.00300000       237.00000       162.00000       44.938034
     -0.61414799
ACT-CLJ0300.2+0125   0.00100000       236.24621       236.24621       45.014023
       1.4592990
ACT-CLJ0300.2+0125    0.0300000       162.00000       162.00000       45.067464
       1.4277072
ACT-CLJ0301.5-0248   0.00700000       177.00000       162.00000       45.379185
      -2.8108548
ACT-CLJ0301.5-0248   0.00300000       193.81980       193.81980       45.387621
      -2.7789215
ACT-CLJ0201.6-0211   0.00100000       162.00000       237.00000       30.425019
      -2.1603008
ACT-CLJ0201.6-0503    0.0300000       267.00000       162.00000       30.353585
      -5.0585734
ACT-CLJ0203.0-0042   0.00700000       162.00000       162.00000       30.751853
     -0.71012767
ACT-CLJ0203.2-0123   0.00300000       162.00000       177.00000       30.815952
      -1.3913087
ACT-CLJ0203.7+0216   0.00100000       207.00000       162.00000       30.908108
       2.2644933
ACT-CLJ0226.4+0426    0.0300000       215.03301       215.03301       36.591247
       4.4724029
ACT-CLJ0227.6-0318   0.00700000       162.00000       267.00000       36.911992
      -3.2454586
ACT-CLJ0228.4+0030   0.00300000       162.00000       162.00000       37.120286
      0.50724630
ACT-CLJ0245.7-0028   0.00100000       172.60660       172.60660       41.426108
     -0.47152511
ACT-CLJ0245.8-0042    0.0300000       162.00000       207.00000       41.464815
     -0.68518752
ACT-CLJ0246.4+0429   0.00700000       237.00000       162.00000       41.582411
       4.4929736
ACT-CLJ0247.3-0156   0.00300000       236.24621       236.24621       41.808981
      -1.8979211
ACT-CLJ0248.0-0331   0.00100000       162.00000       162.00000       42.018826
      -3.5340511
ACT-CLJ0248.2+0238    0.0300000       177.00000       162.00000       42.049898
       2.6348186
ACT-CLJ0248.2-0216   0.00700000       193.81980       193.81980       42.041533
      -2.2516660
ACT-CLJ0248.3+0122   0.00300000       162.00000       237.00000       42.100850
       1.4129006
ACT-CLJ0248.3-0337   0.00100000       267.00000       162.00000       42.033381
      -3.6235511
ACT-CLJ0248.7-0019    0.0300000       162.00000       162.00000       42.200544
     -0.32737862
ACT-CLJ0248.9-0328   0.00700000       162.00000       177.00000       42.243130
      -3.4724985
ACT-CLJ0249.6+0210   0.00300000       207.00000       162.00000       42.399547
       2.1689222
ACT-CLJ0250.1+0008   0.00100000       215.03301       215.03301       42.509513
      0.16553017
ACT-CLJ0253.5-0017    0.0300000       162.00000       267.00000       43.392850
     -0.23807786
ACT-CLJ0254.4-0538   0.00700000       162.00000       162.00000       43.611319
      -5.6393909
ACT-CLJ0256.5+0006   0.00300000       172.60660       172.60660       44.129779
      0.10965698
ACT-CLJ0257.0-0300   0.00100000       162.00000       207.00000       44.271603
      -2.9920288
ACT-CLJ0258.4+0147    0.0300000       237.00000       162.00000       44.577695
       1.7945454
ACT-CLJ0259.4-0524   0.00700000       236.24621       236.24621       44.824204
      -5.3683948
ACT-CLJ0301.5-0248   0.00300000       162.00000       162.00000       45.387784
      -2.8122720
