Cluster project scanno  amp(jy)    X_loc(pixels)    y_loc(pixels)  RA(deg)  Dec(deg)
ACT-CLJ0200.3+0019 AGBT21B_298_01   8 0.0300 162 162 30.0901 0.3243
ACT-CLJ0200.3+0019 AGBT21B_298_01  10 0.0100 169 164 30.0807 0.3333
ACT-CLJ0201.6-0211 AGBT21B_298_01   9 0.0070 162 207 30.0831 0.3563
ACT-CLJ0201.6-0211 AGBT21B_298_01  11 0.0010 237 162 30.3847 -2.2001
ACT-CLJ0201.6-0503 AGBT21B_298_01  12 0.0300 236 236 30.3719 -5.0147
ACT-CLJ0203.0-0042 AGBT21B_298_01  13 0.0100 162 279 30.7535 -0.6431
ACT-CLJ0203.2-0123 AGBT21B_298_01  14 0.0070 162 162 30.8177 -1.3973
ACT-CLJ0203.7+0216 AGBT21B_298_01  15 0.0030 172 172 30.9280 2.2725
ACT-CLJ0248.2+0238 AGBT21B_298_01  35 0.0010 162 207 42.0543 2.6593
ACT-CLJ0249.6+0210 AGBT21B_298_01  28 0.0300 237 162 42.3810 2.1692
ACT-CLJ0253.5-0017 AGBT21B_298_01  26 0.0100 236 236 43.3495 -0.2544
ACT-CLJ0256.5+0006 AGBT21B_298_01  23 0.0070 162 279 44.1367 0.1702
ACT-CLJ0258.4+0147 AGBT21B_298_01  21 0.0030 162 162 44.6195 1.7961
ACT-CLJ0259.8-0037 AGBT21B_298_01  18 0.0010 172 172 44.9649 -0.6144
ACT-CLJ0300.2+0125 AGBT21B_298_01  17 0.0300 162 207 45.0544 1.4456
ACT-CLJ0839.5-0140 AGBT21B_298_02   7 0.0100 237 162 129.8383 -1.6792
ACT-CLJ0839.5-0150 AGBT21B_298_02   8 0.0070 236 236 129.8381 -1.8023
ACT-CLJ0842.3+0033 AGBT21B_298_02   9 0.0030 162 279 130.5984 0.6166
ACT-CLJ0842.9+0424 AGBT21B_298_02  10 0.0010 162 162 130.7384 4.3969
ACT-CLJ0844.6+0216 AGBT21B_298_02  11 0.0300 172 172 131.1672 2.2803
ACT-CLJ0845.0+0127 AGBT21B_298_02  13 0.0100 162 207 131.2626 1.4881
ACT-CLJ0845.4+0327 AGBT21B_298_02  14 0.0070 237 162 131.3298 3.4601
ACT-CLJ0848.4+0412 AGBT21B_298_02  15 0.0030 236 236 132.0658 4.2443
ACT-CLJ0848.5-0122 AGBT21B_298_02  16 0.0010 162 279 132.1410 -1.3045
ACT-CLJ0849.6-0051 AGBT21B_298_02  17 0.0300 162 162 132.4186 -0.8558
ACT-CLJ0849.8+0440 AGBT21B_298_02  19 0.0100 172 172 132.4499 4.6756
ACT-CLJ0852.2-0101 AGBT21B_298_02  20 0.0070 162 207 133.0735 -0.9984
ACT-CLJ0853.4+0132 AGBT21B_298_02  21 0.0030 237 162 133.3229 1.5397
ACT-CLJ0854.7-0122 AGBT21B_298_02  22 0.0010 236 236 133.6560 -1.3319
ACT-CLJ0855.4-0106 AGBT21B_298_02  23 0.0300 162 279 133.8710 -1.0516
ACT-CLJ0856.3+0146 AGBT21B_298_02  25 0.0100 162 162 134.0875 1.7822
ACT-CLJ0856.4-0013 AGBT21B_298_02  26 0.0070 172 172 134.0993 -0.2242
ACT-CLJ0856.5+0143 AGBT21B_298_02  27 0.0030 162 207 134.1296 1.7494
ACT-CLJ0857.8+0310 AGBT21B_298_02  28 0.0010 237 162 134.4235 3.1765
ACT-CLJ0859.0-0119 AGBT21B_298_02  29 0.0300 236 236 134.7136 -1.2930
ACT-CLJ0859.4+0308 AGBT21B_298_02  31 0.0100 162 279 134.8760 3.2094
ACT-CLJ0901.5+0301 AGBT21B_298_02  32 0.0070 162 162 135.3858 3.0181
ACT-CLJ0901.7+0408 AGBT21B_298_02  33 0.0030 172 172 135.4404 4.1459
ACT-CLJ0903.4-0136 AGBT21B_298_02  34 0.0010 162 207 135.8725 -1.5797
ACT-CLJ0904.3+0206 AGBT21B_298_02  36 0.0300 237 162 136.0387 2.1048
ACT-CLJ0904.5+0426 AGBT21B_298_02  37 0.0100 236 236 136.0924 4.4857
ACT-CLJ0905.6+0434 AGBT21B_298_02  38 0.0070 162 279 136.4153 4.6395
ACT-CLJ0907.8+0057 AGBT21B_298_02  39 0.0030 162 162 136.9716 0.9518
ACT-CLJ0907.9+0254 AGBT21B_298_02  40 0.0010 172 172 136.9775 2.9162
ACT-CLJ0909.5-0050 AGBT21B_298_02  42 0.0300 162 207 137.3826 -0.8112
ACT-CLJ0913.2+0349 AGBT21B_298_02  43 0.0100 237 162 138.2706 3.8234
ACT-CLJ0914.7+0011 AGBT21B_298_02  44 0.0070 236 236 138.6537 0.2327
ACT-CLJ0915.9-0132 AGBT21B_298_02  45 0.0030 162 279 138.9884 -1.4797
ACT-CLJ0916.1-0024 AGBT21B_298_02  47 0.0010 162 162 139.0435 -0.4047
ACT-CLJ0916.7+0155 AGBT21B_298_02  48 0.0300 172 172 139.1938 1.9363
ACT-CLJ0916.8-0059 AGBT21B_298_03   4 0.0100 162 207 139.2216 -0.9697
ACT-CLJ0918.7+0211 AGBT21B_298_03   5 0.0070 237 162 139.6474 2.1899
ACT-CLJ0920.4+0134 AGBT21B_298_03   6 0.0030 236 236 140.0609 1.6179
ACT-CLJ0921.0-0148 AGBT21B_298_03   7 0.0010 162 279 140.2702 -1.7462
ACT-CLJ0921.3+0317 AGBT21B_298_03   8 0.0300 162 162 140.3386 3.2867
ACT-CLJ0922.1+0346 AGBT21B_298_03  10 0.0100 172 172 140.5307 3.7772
ACT-CLJ0922.1-0027 AGBT21B_298_03  11 0.0070 162 207 140.5403 -0.4352
ACT-CLJ0930.4+0216 AGBT21B_298_03  12 0.0030 237 162 142.5657 2.2776
ACT-CLJ0935.0+0053 AGBT21B_298_03  13 0.0010 236 236 143.7215 0.9373
ACT-CLJ0935.2+0048 AGBT21B_298_03  14 0.0300 162 279 143.8118 0.8635
ACT-CLJ0935.3+0233 AGBT21B_298_03  16 0.0100 162 162 143.8459 2.5490
ACT-CLJ0940.9+0322 AGBT21B_298_03  17 0.0070 172 172 145.2307 3.3744
ACT-CLJ0943.7+0059 AGBT21B_298_03  19 0.0030 162 207 145.9500 1.0118
ACT-CLJ0947.9-0120 AGBT21B_298_03  20 0.0010 237 162 146.9540 -1.3366
ACT-CLJ0951.6-0014 AGBT21B_298_03  21 0.0300 236 236 147.8830 -0.2007
ACT-CLJ0956.1+0158 AGBT21B_298_03  22 0.0100 162 279 149.0469 2.0430
ACT-CLJ0957.6+0234 AGBT21B_298_03  23 0.0070 162 162 149.4070 2.5733
ACT-CLJ1005.5+0235 AGBT21B_298_03  25 0.0030 172 172 151.3793 2.5897
ACT-CLJ1006.9+0255 AGBT21B_298_03  26 0.0010 162 207 151.7402 2.9511
ACT-CLJ1020.1-0013 AGBT21B_298_03  27 0.0300 237 162 154.9876 -0.2213
ACT-CLJ1020.3-0100 AGBT21B_298_03  28 0.0100 236 236 155.0477 -0.9772
ACT-CLJ1027.8+0004 AGBT21B_298_03  29 0.0070 162 279 156.9597 0.1322
ACT-CLJ1029.9+0016 AGBT21B_298_03  31 0.0030 162 162 157.4740 0.2703
ACT-CLJ1031.2+0031 AGBT21B_298_03  32 0.0010 172 172 157.8035 0.5333
ACT-CLJ1032.1-0249 AGBT21B_298_03  33 0.0300 162 207 158.0376 -2.8026
ACT-CLJ1035.1+0249 AGBT21B_298_03  34 0.0100 237 162 158.7456 2.8301
ACT-CLJ0916.8-0059 AGBT21B_298_03   4 0.0070 236 236 139.1803 -0.9534
ACT-CLJ0918.7+0211 AGBT21B_298_03   5 0.0030 162 279 139.6891 2.2549
ACT-CLJ0920.4+0134 AGBT21B_298_03   6 0.0010 162 162 140.1022 1.5767
ACT-CLJ0921.0-0148 AGBT21B_298_03   7 0.0300 172 172 140.2643 -1.8053
ACT-CLJ0921.3+0317 AGBT21B_298_03   8 0.0100 162 207 140.3386 3.3117
ACT-CLJ0922.1+0346 AGBT21B_298_03  10 0.0070 237 162 140.4949 3.7713
ACT-CLJ0922.1-0027 AGBT21B_298_03  11 0.0030 236 236 140.4991 -0.4189
ACT-CLJ0930.4+0216 AGBT21B_298_03  12 0.0010 162 279 142.6074 2.3426
ACT-CLJ0935.0+0053 AGBT21B_298_03  13 0.0300 162 162 143.7628 0.8961
ACT-CLJ0935.2+0048 AGBT21B_298_03  14 0.0100 172 172 143.8059 0.8044
ACT-CLJ0935.3+0233 AGBT21B_298_03  16 0.0070 162 207 143.8459 2.5740
ACT-CLJ0940.9+0322 AGBT21B_298_03  17 0.0030 237 162 145.1948 3.3685
ACT-CLJ0943.7+0059 AGBT21B_298_03  19 0.0010 236 236 145.9088 1.0280
ACT-CLJ0947.9-0120 AGBT21B_298_03  20 0.0300 162 279 146.9957 -1.2716
ACT-CLJ0951.6-0014 AGBT21B_298_03  21 0.0100 162 162 147.9243 -0.2419
ACT-CLJ0956.1+0158 AGBT21B_298_03  22 0.0070 172 172 149.0410 1.9839
ACT-CLJ0957.6+0234 AGBT21B_298_03  23 0.0030 162 207 149.4070 2.5983
ACT-CLJ1005.5+0235 AGBT21B_298_03  25 0.0010 237 162 151.3435 2.5838
ACT-CLJ1006.9+0255 AGBT21B_298_03  26 0.0300 236 236 151.6989 2.9674
ACT-CLJ1020.1-0013 AGBT21B_298_03  27 0.0100 162 279 155.0293 -0.1563
ACT-CLJ1020.3-0100 AGBT21B_298_03  28 0.0070 162 162 155.0889 -1.0185
ACT-CLJ1027.8+0004 AGBT21B_298_03  29 0.0030 172 172 156.9538 0.0731
ACT-CLJ1029.9+0016 AGBT21B_298_03  31 0.0010 162 207 157.4740 0.2953
ACT-CLJ1031.2+0031 AGBT21B_298_03  32 0.0300 237 162 157.7678 0.5274
ACT-CLJ1032.1-0249 AGBT21B_298_03  33 0.0100 236 236 157.9963 -2.7863
ACT-CLJ1035.1+0249 AGBT21B_298_03  34 0.0070 162 279 158.7873 2.8951
ACT-CLJ1035.1-0248 AGBT21B_298_04   9 0.0030 162 162 158.7841 -2.8031
ACT-CLJ1035.4-0001 AGBT21B_298_04  10 0.0010 172 172 158.8553 -0.0254
ACT-CLJ1036.2-0223 AGBT21B_298_04  11 0.0300 162 207 159.0629 -2.3603
ACT-CLJ1107.4+0121 AGBT21B_298_04  13 0.0100 237 162 166.8206 1.3571
ACT-CLJ1110.2-0030 AGBT21B_298_04  14 0.0070 236 236 167.5339 -0.4623
ACT-CLJ1110.3+0143 AGBT21B_298_04  15 0.0030 162 279 167.5972 1.7937
ACT-CLJ1110.8+0216 AGBT21B_298_04  16 0.0010 162 162 167.7224 2.2845
ACT-CLJ1111.1+0044 AGBT21B_298_04  17 0.0300 172 172 167.7944 0.7552
ACT-CLJ1112.8+0229 AGBT21B_298_04  19 0.0100 162 207 168.2042 2.5222
ACT-CLJ1116.7+0218 AGBT21B_298_04  20 0.0070 237 162 169.1556 2.3049
ACT-CLJ1116.9-0036 AGBT21B_298_04  21 0.0030 236 236 169.1893 -0.5713
ACT-CLJ1117.9-0211 AGBT21B_298_04  22 0.0010 162 279 169.4981 -2.1179
ACT-CLJ1118.7+0039 AGBT21B_298_04  23 0.0300 162 162 169.6930 0.6605
ACT-CLJ1118.9-0041 AGBT21B_298_04  31 0.0100 172 172 169.7268 -0.6898
ACT-CLJ1125.7+0010 AGBT21B_298_04  32 0.0070 162 207 171.4308 0.2038
ACT-CLJ1127.5+0003 AGBT21B_298_04  33 0.0030 237 162 171.8497 0.0667
ACT-CLJ1128.3-0058 AGBT21B_298_04  34 0.0010 236 236 172.0336 -0.9403
ACT-CLJ1129.8+0256 AGBT21B_298_04  35 0.0300 162 279 172.4613 3.0062
ACT-CLJ1131.6-0107 AGBT21B_298_04  37 0.0100 162 162 172.9121 -1.1229
ACT-CLJ1134.0+0116 AGBT21B_298_04  38 0.0070 172 172 173.5068 1.2855
ACT-CLJ1136.9+0006 AGBT21B_298_04  39 0.0030 162 207 174.2323 0.1261
ACT-CLJ1138.5-0011 AGBT21B_298_04  40 0.0010 237 162 174.5973 -0.1963
ACT-CLJ1139.3+0154 AGBT21B_298_04  41 0.0300 236 236 174.7901 1.9466
ACT-CLJ1144.0+0440 AGBT21B_298_05   7 0.0100 162 279 176.0266 4.7434
ACT-CLJ1144.2+0227 AGBT21B_298_05   8 0.0070 162 162 176.0558 2.4617
ACT-CLJ1145.1-0100 AGBT21B_298_05   9 0.0030 172 172 176.2832 -0.9996
ACT-CLJ1148.0-0234 AGBT21B_298_05  10 0.0010 162 207 177.0255 -2.5523
ACT-CLJ1152.2+0031 AGBT21B_298_05  11 0.0300 237 162 178.0157 0.5217
ACT-CLJ1152.5+0356 AGBT21B_298_05  12 0.0100 236 236 178.1045 3.9826
ACT-CLJ1153.4+0259 AGBT21B_298_05  14 0.0070 162 279 178.3722 3.0500
ACT-CLJ1154.2+0221 AGBT21B_298_05  15 0.0030 162 162 178.5680 2.3577
ACT-CLJ1158.3+0228 AGBT21B_298_05  16 0.0010 172 172 179.5926 2.4744
ACT-CLJ1158.9-0244 AGBT21B_298_05  17 0.0300 162 207 179.7330 -2.7230
ACT-CLJ1200.9-0125 AGBT21B_298_05  18 0.0100 237 162 180.1904 -1.4345
ACT-CLJ1202.8-0230 AGBT21B_298_05  20 0.0070 236 236 180.6762 -2.4642
ACT-CLJ1203.9+0126 AGBT21B_298_05  21 0.0030 162 279 180.9881 1.5019
ACT-CLJ1205.3-0245 AGBT21B_298_05  22 0.0010 162 162 181.3459 -2.7523
ACT-CLJ1205.5+0214 AGBT21B_298_05  23 0.0300 172 172 181.3783 2.2508
ACT-CLJ1208.3+0254 AGBT21B_298_05  24 0.0100 162 207 182.0880 2.9392
ACT-CLJ1210.2+0223 AGBT21B_298_05  26 0.0070 237 162 182.5338 2.3901
ACT-CLJ1210.2+0321 AGBT21B_298_05  27 0.0030 236 236 182.5154 3.4041
ACT-CLJ1218.5+0233 AGBT21B_298_05  28 0.0010 162 279 184.6269 2.6187
ACT-CLJ1220.4-0240 AGBT21B_298_05  29 0.0300 162 162 185.1011 -2.6719
ACT-CLJ1222.4-0127 AGBT21B_298_05  30 0.0100 172 172 185.6036 -1.4478
ACT-CLJ1222.6-0214 AGBT21B_298_05  31 0.0070 162 207 185.6542 -2.2224
ACT-CLJ1224.3+0211 AGBT21B_298_06  12 0.0030 237 162 186.0383 2.2007
ACT-CLJ1238.5-0004 AGBT21B_298_06  13 0.0010 236 236 189.6026 -0.0249
ACT-CLJ1241.0+0010 AGBT21B_298_06  14 0.0300 162 279 190.2557 0.2424
ACT-CLJ1245.0+0231 AGBT21B_298_06  15 0.0100 162 162 191.2566 2.5256
ACT-CLJ1249.7+0145 AGBT21B_298_06  17 0.0070 172 172 192.4232 1.7595
ACT-CLJ1250.6+0036 AGBT21B_298_06  18 0.0030 162 207 192.7294 0.5842
ACT-CLJ1250.6+0036 AGBT21B_298_06  19 0.0010 237 162 192.6109 0.6001
ACT-CLJ1256.7+0235 AGBT21B_298_06  20 0.0300 236 236 194.1410 2.6349
ACT-CLJ1258.8+0059 AGBT21B_298_06  23 0.0100 162 279 194.7145 1.0613
ACT-CLJ1301.2+0218 AGBT21B_298_06  24 0.0070 162 162 195.3042 2.3124
ACT-CLJ1311.5-0119 AGBT21B_298_06  25 0.0030 172 172 197.8729 -1.3271
ACT-CLJ1322.9-0227 AGBT21B_298_06  28 0.0010 162 207 200.7396 -2.4385
ACT-CLJ1324.9+0223 AGBT21B_298_06  29 0.0300 237 162 201.1879 2.3991
ACT-CLJ1325.0+0209 AGBT21B_298_06  30 0.0100 236 236 201.2120 2.1926
ACT-CLJ0914.7+0011 AGBT21B_298_07  12 0.0070 162 279 138.6919 0.2512
ACT-CLJ0915.9-0132 AGBT21B_298_07  13 0.0030 162 162 138.9859 -1.5511
ACT-CLJ0916.1-0024 AGBT21B_298_07  14 0.0010 172 172 139.0332 -0.4013
ACT-CLJ0916.7+0155 AGBT21B_298_07  15 0.0300 162 207 139.1964 1.9486
ACT-CLJ1020.1-0013 AGBT21B_298_07  17 0.0100 237 162 154.9834 -0.2252
ACT-CLJ0913.2+0349 AGBT21B_298_08   8 0.0070 236 236 138.2735 3.8618
ACT-CLJ1020.3-0100 AGBT21B_298_08   9 0.0030 162 279 155.0903 -0.9537
ACT-CLJ1031.2+0031 AGBT21B_298_08  10 0.0010 162 162 157.8117 0.5285
ACT-CLJ1032.1-0249 AGBT21B_298_08  11 0.0300 172 172 158.0343 -2.8205
ACT-CLJ1035.1+0249 AGBT21B_298_08  12 0.0100 162 207 158.7902 2.8575
ACT-CLJ1036.9+0154 AGBT21B_298_08  15 0.0070 237 162 159.1996 1.9059
ACT-CLJ1049.3-0002 AGBT21B_298_08  16 0.0030 236 236 162.3118 0.0053
ACT-CLJ1050.6+0017 AGBT21B_298_08  17 0.0010 162 279 162.6710 0.3477
ACT-CLJ1053.7-0156 AGBT21B_298_08  18 0.0300 162 162 163.4449 -1.9405
ACT-CLJ1118.7+0039 AGBT21B_298_08  25 0.0100 172 172 169.6905 0.6608
ACT-CLJ1118.9-0041 AGBT21B_298_08  26 0.0070 162 207 169.7384 -0.6754
ACT-CLJ1125.7+0010 AGBT21B_298_08  27 0.0030 237 162 171.3943 0.1734
ACT-CLJ1127.5+0003 AGBT21B_298_08  28 0.0010 236 236 171.8546 0.1034
ACT-CLJ1128.3-0058 AGBT21B_298_08  29 0.0300 162 279 172.0789 -0.9206
ACT-CLJ1129.8+0256 AGBT21B_298_08  31 0.0100 162 162 172.4647 2.9367
ACT-CLJ1131.6-0107 AGBT21B_298_08  32 0.0070 172 172 172.9097 -1.1213
ACT-CLJ1134.0+0116 AGBT21B_298_08  33 0.0030 162 207 173.5155 1.3004
ACT-CLJ1136.9+0006 AGBT21B_298_08  34 0.0010 237 162 174.1929 0.0964
ACT-CLJ1138.5-0011 AGBT21B_298_08  35 0.0300 236 236 174.6005 -0.1603
ACT-CLJ1139.3+0154 AGBT21B_298_08  37 0.0100 162 279 174.8338 1.9658
ACT-CLJ1145.1-0100 AGBT21B_298_08  38 0.0070 162 162 176.2898 -1.0089
ACT-CLJ1148.0-0234 AGBT21B_298_08  39 0.0030 172 172 177.0213 -2.5739
ACT-CLJ1224.3+0211 AGBT21B_298_08  46 0.0010 162 207 186.0802 2.2223
ACT-CLJ1238.5-0004 AGBT21B_298_08  47 0.0300 237 162 189.6021 -0.0694
ACT-CLJ1241.0+0010 AGBT21B_298_08  48 0.0100 236 236 190.2146 0.2148
ACT-CLJ1250.6+0036 AGBT21B_298_08  49 0.0070 162 279 192.6525 0.6638
ACT-CLJ1256.7+0235 AGBT21B_298_08  50 0.0030 162 162 194.1821 2.5927
ACT-CLJ1326.8+0216 AGBT21B_298_08  52 0.0010 172 172 201.7114 2.2747
ACT-CLJ1327.0+0212 AGBT21B_298_08  53 0.0300 162 207 201.7566 2.2268
ACT-CLJ1328.4-0038 AGBT21B_298_08  54 0.0100 237 162 202.0714 -0.6435
ACT-CLJ1331.1+0100 AGBT21B_298_08  55 0.0070 236 236 202.7567 1.0447
ACT-CLJ1332.8-0006 AGBT21B_298_08  56 0.0030 162 279 203.2169 -0.0506
ACT-CLJ1336.8-0104 AGBT21B_298_08  57 0.0010 162 162 204.2129 -1.0852
ACT-CLJ1340.9-0152 AGBT21B_298_08  58 0.0300 172 172 205.2359 -1.8634
ACT-CLJ1343.1-0000 AGBT21B_298_08  59 0.0100 162 207 205.7748 0.0113
ACT-CLJ0203.9-0205 AGBT22B_242_01  14 0.0070 237 162 30.9531 -2.0953
ACT-CLJ0204.5+0321 AGBT22B_242_01  15 0.0030 236 236 31.0991 3.4030
ACT-CLJ0204.7-0116 AGBT22B_242_01  16 0.0010 162 279 31.1981 -1.2209
ACT-CLJ0204.8-0303 AGBT22B_242_01  17 0.0300 162 162 31.2157 -3.0654
ACT-CLJ0205.2-0439 AGBT22B_242_01  18 0.0100 172 172 31.3174 -4.6508
ACT-CLJ0205.9-0307 AGBT22B_242_01  20 0.0070 162 207 31.5031 -3.1009
ACT-CLJ0206.2-0114 AGBT22B_242_01  21 0.0030 237 162 31.5194 -1.2535
ACT-CLJ0206.4-0118 AGBT22B_242_01  22 0.0010 236 236 31.5730 -1.2708
ACT-CLJ0206.9-0119 AGBT22B_242_01  23 0.0300 162 279 31.7441 -1.2722
ACT-CLJ0207.2+0536 AGBT22B_242_01  24 0.0100 162 162 31.8060 5.6078
ACT-CLJ0207.7+0020 AGBT22B_242_01  26 0.0070 172 172 31.9401 0.3521
ACT-CLJ0208.2-0237 AGBT22B_242_01  27 0.0030 162 207 32.0671 -2.6066
ACT-CLJ0208.3-0255 AGBT22B_242_01  28 0.0010 237 162 32.0488 -2.9365
ACT-CLJ0209.6+0222 AGBT22B_242_01  29 0.0300 236 236 32.3689 2.4161
ACT-CLJ0209.9+0038 AGBT22B_242_01  30 0.0100 162 279 32.5040 0.6994
ACT-CLJ0210.0-0243 AGBT22B_242_01  32 0.0070 162 162 32.5081 -2.7240
ACT-CLJ0210.1+0254 AGBT22B_242_01  33 0.0030 172 172 32.5465 2.9105
ACT-CLJ0211.1-0453 AGBT22B_242_01  34 0.0010 162 207 32.8034 -4.8738
ACT-CLJ0211.2-0343 AGBT22B_242_01  35 0.0300 237 162 32.7726 -3.7264
ACT-CLJ0211.9-0146 AGBT22B_242_01  36 0.0100 236 236 32.9488 -1.7313
ACT-CLJ0212.5+0152 AGBT22B_242_01  38 0.0070 162 279 33.1302 1.9391
ACT-CLJ0212.5-0037 AGBT22B_242_01  39 0.0030 162 162 33.1472 -0.6293
ACT-CLJ0214.7-0432 AGBT22B_242_01  40 0.0010 172 172 33.6753 -4.5457
ACT-CLJ0215.4+0030 AGBT22B_242_01  41 0.0300 162 207 33.8695 0.5335
ACT-CLJ0215.4-0440 AGBT22B_242_01  42 0.0100 237 162 33.8275 -4.6737
ACT-CLJ0215.6-0113 AGBT22B_242_01  44 0.0070 236 236 33.8583 -1.1933
ACT-CLJ0215.8-0041 AGBT22B_242_01  45 0.0030 162 279 33.9606 -0.6381
ACT-CLJ0217.7-0345 AGBT22B_242_01  46 0.0010 162 162 34.4350 -3.7626
ACT-CLJ0217.8-0048 AGBT22B_242_02   6 0.0300 172 172 34.4484 -0.7977
ACT-CLJ0218.1-0214 AGBT22B_242_02   7 0.0100 162 207 34.5263 -2.2151
ACT-CLJ0218.2-0041 AGBT22B_242_02   8 0.0070 237 162 34.5271 -0.6948
ACT-CLJ0218.5-0114 AGBT22B_242_02   9 0.0030 236 236 34.6023 -1.2027
ACT-CLJ0218.7-0014 AGBT22B_242_02  10 0.0010 162 279 34.6772 -0.1798
ACT-CLJ0219.0+0303 AGBT22B_242_02  12 0.0300 162 162 34.7618 3.0599
ACT-CLJ0219.8+0022 AGBT22B_242_02  13 0.0100 172 172 34.9537 0.3792
ACT-CLJ0219.9+0130 AGBT22B_242_02  14 0.0070 162 207 34.9782 1.5273
ACT-CLJ0219.9+0246 AGBT22B_242_02  15 0.0030 237 162 34.9375 2.7826
ACT-CLJ0220.9-0332 AGBT22B_242_02  16 0.0010 236 236 35.1963 -3.5070
ACT-CLJ0221.6-0012 AGBT22B_242_02  18 0.0300 162 279 35.4030 -0.1453
ACT-CLJ0221.7-0346 AGBT22B_242_02  19 0.0100 162 162 35.4397 -3.7727
ACT-CLJ0221.9-0340 AGBT22B_242_02  20 0.0070 172 172 35.4756 -3.6638
ACT-CLJ0222.2+0520 AGBT22B_242_02  21 0.0030 162 207 35.5649 5.3579
ACT-CLJ0223.1-0057 AGBT22B_242_02  22 0.0010 237 162 35.7476 -0.9512
ACT-CLJ0223.6+0020 AGBT22B_242_02  24 0.0300 236 236 35.8664 0.3908
ACT-CLJ0224.5+0102 AGBT22B_242_02  25 0.0100 162 279 36.1249 1.1144
ACT-CLJ0224.5-0002 AGBT22B_242_02  26 0.0070 162 162 36.1450 -0.0366
ACT-CLJ0225.4-0355 AGBT22B_242_02  27 0.0030 172 172 36.3598 -3.9265
ACT-CLJ0226.4+0426 AGBT22B_242_02  28 0.0010 162 207 36.6194 4.4722
ACT-CLJ0227.6-0318 AGBT22B_242_02  30 0.0300 237 162 36.8686 -3.3002
ACT-CLJ0228.4+0030 AGBT22B_242_02  31 0.0100 236 236 37.0780 0.5535
ACT-CLJ0229.6-0336 AGBT22B_242_02  32 0.0070 162 279 37.4092 -3.5444
ACT-CLJ0230.9+0248 AGBT22B_242_02  33 0.0030 162 162 37.7311 2.8058
ACT-CLJ0231.7-0453 AGBT22B_242_02  34 0.0010 172 172 37.9291 -4.8773
ACT-CLJ0232.1+0230 AGBT22B_242_02  36 0.0300 162 207 38.0309 2.5406
ACT-CLJ0232.7+0214 AGBT22B_242_02  37 0.0100 237 162 38.1536 2.2525
ACT-CLJ0232.7+0350 AGBT22B_242_02  38 0.0070 236 236 38.1503 3.8839
ACT-CLJ0233.2+0211 AGBT22B_242_02  39 0.0030 162 279 38.3019 2.2642
ACT-CLJ0233.2+0248 AGBT22B_242_02  40 0.0010 162 162 38.3045 2.8160
ACT-CLJ0233.2+0448 AGBT22B_242_02  42 0.0300 172 172 38.3057 4.8166
ACT-CLJ0233.6-0530 AGBT22B_242_02  43 0.0100 162 207 38.4040 -5.4807
ACT-CLJ0233.7+0127 AGBT22B_242_02  44 0.0070 237 162 38.3885 1.4634
ACT-CLJ0234.5-0107 AGBT22B_242_02  45 0.0030 236 236 38.6067 -1.0864
ACT-CLJ0234.6-0259 AGBT22B_242_02  46 0.0010 162 279 38.6587 -2.9289
ACT-CLJ0235.2-0323 AGBT22B_242_03   6 0.0300 162 162 38.8127 -3.3864
ACT-CLJ0235.2-0323 AGBT22B_242_03   8 0.0100 172 172 38.8013 -3.3818
ACT-CLJ0235.5-0005 AGBT22B_242_03   9 0.0070 162 207 38.8777 -0.0751
ACT-CLJ0236.5+0106 AGBT22B_242_03  10 0.0030 237 162 39.0944 1.1112
ACT-CLJ0236.7-0228 AGBT22B_242_03  11 0.0010 236 236 39.1354 -2.4299
ACT-CLJ0237.6-0423 AGBT22B_242_03  12 0.0300 162 279 39.4046 -4.3271
ACT-CLJ0238.1+0306 AGBT22B_242_03  14 0.0100 162 162 39.5319 3.1033
ACT-CLJ0239.3-0332 AGBT22B_242_03  15 0.0070 172 172 39.8333 -3.5313
ACT-CLJ0239.8-0134 AGBT22B_242_03  16 0.0030 162 207 39.9686 -1.5541
ACT-CLJ0240.0+0116 AGBT22B_242_03  17 0.0010 237 162 39.9701 1.2666
ACT-CLJ0240.0+0303 AGBT22B_242_03  18 0.0300 236 236 39.9687 3.0953
ACT-CLJ0241.2-0018 AGBT22B_242_03  21 0.0100 162 279 40.3155 -0.2485
ACT-CLJ0241.4-0433 AGBT22B_242_03  22 0.0070 162 162 40.3704 -4.5534
ACT-CLJ0242.2-0345 AGBT22B_242_03  23 0.0030 172 172 40.5600 -3.7524
ACT-CLJ0242.7-0226 AGBT22B_242_03  24 0.0010 162 207 40.6824 -2.4148
ACT-CLJ0242.7-0450 AGBT22B_242_03  25 0.0300 237 162 40.6348 -4.8451
ACT-CLJ0242.9-0250 AGBT22B_242_03  27 0.0100 236 236 40.6930 -2.8023
ACT-CLJ0243.2+0256 AGBT22B_242_03  28 0.0070 162 279 40.8141 3.0086
ACT-CLJ0245.2+0032 AGBT22B_242_03  29 0.0030 162 162 41.3067 0.5477
ACT-CLJ0245.2+0407 AGBT22B_242_03  30 0.0010 172 172 41.3034 4.1274
ACT-CLJ0245.2-0240 AGBT22B_242_03  31 0.0300 162 207 41.3027 -2.6541
ACT-CLJ0245.7-0028 AGBT22B_242_03  33 0.0100 237 162 41.3840 -0.4746
ACT-CLJ0245.8-0042 AGBT22B_242_03  34 0.0070 236 236 41.4140 -0.6734
ACT-CLJ0246.4+0429 AGBT22B_242_03  35 0.0030 162 279 41.6196 4.5595
ACT-CLJ0247.3-0156 AGBT22B_242_03  36 0.0010 162 162 41.8454 -1.9379
ACT-CLJ0248.2+0238 AGBT22B_242_03  54 0.0300 172 172 42.0495 2.6401
ACT-CLJ0249.6+0210 AGBT22B_242_03  61 0.0100 162 207 42.4203 2.1941
ACT-CLJ0253.5-0017 AGBT22B_242_03  63 0.0070 237 162 43.3477 -0.2972
ACT-CLJ0256.5+0006 AGBT22B_242_03  66 0.0030 236 236 44.0902 0.1445
ACT-CLJ0258.4+0147 AGBT22B_242_03  68 0.0010 162 279 44.6149 1.8581
ACT-CLJ0259.8-0037 AGBT22B_242_03  71 0.0300 162 162 44.9680 -0.6255
ACT-CLJ0259.8-0037 AGBT22B_242_03  79 0.0100 172 172 44.9738 -0.6083
ACT-CLJ0300.2+0125 AGBT22B_242_03  72 0.0070 162 207 45.0553 1.4431
ACT-CLJ0300.2+0125 AGBT22B_242_03  80 0.0030 237 162 45.0258 1.4277
ACT-CLJ0201.6-0211 AGBT22B_242_04  34 0.0010 236 236 30.3837 -2.1607
ACT-CLJ0201.6-0503 AGBT22B_242_04  35 0.0300 162 279 30.4121 -4.9936
ACT-CLJ0203.0-0042 AGBT22B_242_04  36 0.0100 162 162 30.7519 -0.7101
ACT-CLJ0203.2-0123 AGBT22B_242_04  37 0.0070 172 172 30.8101 -1.3937
ACT-CLJ0203.7+0216 AGBT22B_242_04  38 0.0030 162 207 30.9331 2.2895
ACT-CLJ0226.4+0426 AGBT22B_242_04  40 0.0010 237 162 36.5790 4.4429
ACT-CLJ0227.6-0318 AGBT22B_242_04  41 0.0300 236 236 36.8707 -3.2625
ACT-CLJ0228.4+0030 AGBT22B_242_04  42 0.0100 162 279 37.1203 0.5722
ACT-CLJ0245.7-0028 AGBT22B_242_04  32 0.0070 162 162 41.4320 -0.4774
ACT-CLJ0245.8-0042 AGBT22B_242_04  31 0.0030 172 172 41.4589 -0.7043
ACT-CLJ0246.4+0429 AGBT22B_242_04  30 0.0010 162 207 41.6242 4.5180
ACT-CLJ0247.3-0156 AGBT22B_242_04  29 0.0300 237 162 41.8086 -1.9392
ACT-CLJ0248.2+0238 AGBT22B_242_04  26 0.0100 236 236 42.0169 2.6761
ACT-CLJ0249.6+0210 AGBT22B_242_04  19 0.0070 162 279 42.4246 2.2339
ACT-CLJ0253.5-0017 AGBT22B_242_04  17 0.0030 162 162 43.3929 -0.2964
ACT-CLJ0256.5+0006 AGBT22B_242_04  12 0.0010 172 172 44.1298 0.1097
ACT-CLJ0258.4+0147 AGBT22B_242_04  10 0.0300 162 207 44.6194 1.8196
